obsid next_obsid time timestop date datestop gui_ms manvr_angle one_shot roll_err point_err
51451 17198 565603739.642 565604794.3668911 2015:338:08:07:51.458 2015:338:08:25:26.183 DISA 19.375010069843995 3.94376802444458 2.2657599591439066 0.5782624081596791
17198 51450 565605728.1420001 565699014.4222279 2015:338:08:40:59.958 2015:339:10:35:46.238 DISA 0.0 7.35446310043335 3.281838558129832 0.7216970698353361
51440 18718 565750367.9499999 565751478.0251994 2015:340:00:51:39.766 2015:340:01:10:09.841 DISA 19.754693487817853 7.411962509155273 2.1758419523767274 0.4979528254526764
18718 51439 565752413.85 565812681.803666 2015:340:01:25:45.666 2015:340:18:10:13.620 DISA 19.863994850606165 3.241629123687744 3.3550331514547307 0.7594293305778064
18168 18091 573544068.5780001 573554218.1290201 2016:065:05:46:40.394 2016:065:08:35:49.945 DISA 12.05599998965929 5.314050674438477 2.447917249820291 0.8576390001301758
18091 18157 573554986.879 573567735.8297926 2016:065:08:48:38.695 2016:065:12:21:07.646 DISA 87.0013351301116 18.21018409729004 2.0764930255927516 0.7219890435386468
18157 18725 573569656.6800001 573579825.7054834 2016:065:12:53:08.496 2016:065:15:42:37.521 DISA 104.10498213259302 10.610668182373047 1.5538075057941663 0.657107864841922
18725 18276 573581960.781 573602144.0567585 2016:065:16:18:12.597 2016:065:21:54:35.873 DISA 36.427164147291215 13.482037544250488 1.7933595864325198 0.723178439284223
18276 18201 573603362.782 573688913.3867135 2016:065:22:14:54.598 2016:066:22:00:45.203 DISA 7.618101364808961 2.777414321899414 2.073261874205294 0.5780170644421453
18201 18803 573689552.987 573695825.9871081 2016:066:22:11:24.803 2016:066:23:55:57.803 DISA 146.1806687585349 47.131195068359375 3.159107174914694 0.7176913281906089
18803 51212 573698572.987 573702204.5624721 2016:067:00:41:44.803 2016:067:01:42:16.378 DISA 0.0 5.473670482635498 1.8229247589485877 0.36523783124636117
51211 51210 573704296.5879999 573707489.4627738 2016:067:02:17:08.404 2016:067:03:10:21.279 DISA 98.70083575141767 19.904151916503906 1.2490759723189802 0.5255938959726068
51210 51209 573709577.388 573722736.3386439 2016:067:03:45:09.204 2016:067:07:24:28.155 DISA 113.84753677990372 24.51897430419922 2.892270445384666 0.6310977590459885
51209 51208 573725026.189 573738353.2395351 2016:067:08:02:38.005 2016:067:11:44:45.056 DISA 67.78921696111 11.487266540527344 2.4811901632632374 0.5413544916151083
51208 17720 573740003.49 573746545.0400026 2016:067:12:12:15.306 2016:067:14:01:16.856 DISA 77.41358627056758 26.022157669067383 1.4611839468294812 0.44827339356080614
17720 18304 573748412.59 573752112.8403202 2016:067:14:32:24.406 2016:067:15:34:04.656 DISA 31.179311332836065 5.401536464691162 0.7626352342568752 0.36525386607843424
18304 18212 573753262.89 573763443.1909666 2016:067:15:53:14.706 2016:067:18:42:55.007 DISA 121.8741992635905 7.727116584777832 2.1480650421132674 0.4925823048002403
18212 18272 573765812.991 573782998.1420821 2016:067:19:22:24.807 2016:068:00:08:49.958 DISA 6.650618493022872 3.137112617492676 5.207060761988646 0.5283815512940443
18272 51207 573783611.092 573804514.9433093 2016:068:00:19:02.908 2016:068:06:07:26.759 DISA 28.08421939003584 8.660114288330078 1.6532113721618928 0.6101290067988447
18790 51206 573808555.494 573833704.8949738 2016:068:07:14:47.310 2016:068:14:13:56.711 DISA 147.57875116711935 18.814289093017578 2.336573330661781 0.684870362047199
18791 51205 573837710.595 573873129.4722211 2016:068:15:20:42.411 2016:069:01:11:01.288 DISA 27.86940943334559 2.9845404624938965 1.8529939213851525 0.6739823039845194
18800 51204 573877152.597 573902310.198884 2016:069:02:18:04.413 2016:069:09:17:22.015 DISA 147.1543864349457 20.470565795898438 2.320153632603296 0.7850795362327752
18792 51203 573906319.999 573928186.3253583 2016:069:10:24:11.815 2016:069:16:28:38.141 DISA 0.0 6.260276794433594 1.9836493087119973 0.7485979173533206
51202 51201 573929554.6999999 573933130.92564 2016:069:16:51:26.516 2016:069:17:51:02.742 DISA 46.80983370712786 7.482080936431885 1.6412977780165112 0.5997444509051184
51201 51200 573934495.201 573946674.2514114 2016:069:18:13:47.017 2016:069:21:36:46.067 DISA 107.28382393610525 33.70574188232422 1.037015099600077 0.5953177271491438
51200 51199 573948898.502 573964034.6774002 2016:069:22:13:50.318 2016:070:02:26:06.493 DISA 71.72562333345418 12.839645385742188 2.7184617502926756 0.8478715371745659
51199 51198 573965729.002 573970235.9277533 2016:070:02:54:20.818 2016:070:04:09:27.744 DISA 28.758251727164104 4.720950126647949 2.343457684849411 0.8025798722288991
51198 18469 573971346.003 573976473.0531086 2016:070:04:27:57.819 2016:070:05:53:24.869 DISA 58.90510958547816 6.774602890014648 1.184264040272024 0.5692723836489755
18469 18194 573978061.803 573989018.0288229 2016:070:06:19:53.619 2016:070:09:22:29.845 DISA 56.77617469003965 14.11547565460205 1.1870407479162144 0.6556657729932502
18194 18801 573990517.604 574000705.0794883 2016:070:09:47:29.420 2016:070:12:37:16.895 DISA 45.28118523813311 1.9689784049987793 2.729070639068109 0.6809741801865064
18801 18793 574002050.905 574032270.9812852 2016:070:12:59:42.721 2016:070:21:23:22.797 DISA 58.504122211311284 16.644258499145508 1.4064400358686509 0.6797175295996406
18793 17213 574033809.5059999 574112045.7108243 2016:070:21:49:01.322 2016:071:19:32:57.527 DISA 100.90893797221693 2.3397700786590576 1.7796563643302084 0.6231042601878177
17213 18809 574114132.611 574144021.6126428 2016:071:20:07:44.427 2016:072:04:25:53.429 DISA 118.25962623439096 10.607769966125488 0.9834346073940704 0.7424674807302694
18809 51197 574146342.213 574151442.6130646 2016:072:05:04:34.029 2016:072:06:29:34.429 DISA 0.0 4.5719380378723145 2.60029094908639 0.7947559969436944
51197 51196 574151942.813 574152456.3381224 2016:072:06:37:54.629 2016:072:06:46:28.154 DISA 18.252288101816028 2.437631368637085 3.283204592628781 0.4086737066138538
51196 51195 574153357.313 574159221.3385069 2016:072:07:01:29.129 2016:072:08:39:13.155 DISA 51.303420499049714 18.8900146484375 1.92525624516479 0.5257731981308181
51195 51194 574160671.714 574178836.7646221 2016:072:09:03:23.530 2016:072:14:06:08.581 DISA 98.18488669047845 26.916860580444336 3.4000107925752765 0.5368160310148328
51178 51177 574613574.139 574616108.9646075 2016:077:14:51:45.955 2016:077:15:34:00.781 DISA 32.288698004162235 5.795365333557129 2.0607482931312986 0.5352712163456257
17495 51163 575035332.964 575068098.1154293 2016:082:12:01:04.780 2016:082:21:07:09.931 DISA 0.0 5.543115139007568 5.23431075800895 0.7698534707924283
18807 18620 575135512.369 575164674.6459455 2016:083:15:50:44.185 2016:083:23:56:46.462 DISA 77.49867567099082 33.48820877075195 4.047675157162448 0.8515440324243518
16185 17736 575199111.573 575248445.8507309 2016:084:09:30:43.389 2016:084:23:12:57.667 DISA 117.8186037407035 25.361236572265625 4.737294483997319 0.6581602216317484
17728 18014 575421003.586 575430134.2861112 2016:086:23:08:55.402 2016:087:01:41:06.102 DISA 77.16591792944122 8.340561866760254 7.8234890385077644 0.7886810683225391
17621 18103 575445029.587 575509185.3656282 2016:087:05:49:21.403 2016:087:23:38:37.182 DISA 58.84869778512731 26.80327606201172 4.2229694008898875 0.842614483477444
17047 17787 575674527.0999999 575710460.5270897 2016:089:21:34:18.916 2016:090:07:33:12.343 DISA 91.28947757105541 8.306594848632812 7.02346047830577 0.8184069596629193
18805 18626 575852832.01 575858967.6605656 2016:091:23:06:03.826 2016:092:00:48:19.477 DISA 58.239643080447195 18.89994239807129 8.64417512232333 1.1669424896050697
18621 51137 575946398.116 575978890.6174098 2016:093:01:05:29.932 2016:093:10:07:02.433 DISA 0.0 6.410495758056641 1.3179720975638862 0.6113732670894678
51136 51135 575981436.7179999 575984981.1677575 2016:093:10:49:28.534 2016:093:11:48:32.984 DISA 173.40310005013757 25.44603729248047 2.026339710244555 0.5638859229008243
51135 51134 575988074.618 575994537.2433028 2016:093:12:40:06.434 2016:093:14:27:49.059 DISA 22.976788668217 6.756707191467285 5.820301438398894 0.5983584725268509
51134 51133 575995532.518 576009727.7441698 2016:093:14:44:24.334 2016:093:18:40:59.560 DISA 38.21696743997014 10.067546844482422 1.960308341177721 0.5838349780140603
51133 51132 576010981.319 576027167.0951651 2016:093:19:01:53.135 2016:093:23:31:38.911 DISA 10.950053092214002 3.0490198135375977 1.2057349346116952 0.8565198016808913
51132 17604 576027893.82 576031989.7204403 2016:093:23:43:45.636 2016:094:00:52:01.536 DISA 68.2795781880853 17.632545471191406 3.6772223201541583 0.669392020251479
17604 17222 576033724.0209999 576059724.1720232 2016:094:01:20:55.837 2016:094:08:34:15.988 DISA 44.31591302514216 8.111930847167969 1.2126388889076047 0.7199538298643718
17222 18802 576061062.822 576121246.7255342 2016:094:08:56:34.638 2016:095:01:39:38.542 DISA 98.27057350581907 59.90153884887695 3.5531747656558053 0.8125343034838404
18802 18080 576123370.526 576159487.4277166 2016:095:02:15:02.342 2016:095:12:16:59.244 DISA 134.613584556204 7.635064601898193 3.0390009305508405 0.6854736281669748
18080 18117 576162021.2279999 576172211.7784429 2016:095:12:59:13.044 2016:095:15:49:03.594 DISA 29.54107931808683 5.031179428100586 2.5751619669272143 0.9582205519854442
18117 17118 576173333.129 576178644.6788099 2016:095:16:07:44.945 2016:095:17:36:16.495 DISA 52.58283976948265 7.286986827850342 3.2499611131156647 0.5699598253677628
17118 51130 576180089.929 576209223.505555 2016:095:18:00:21.745 2016:096:02:05:55.322 DISA 0.0 5.391357421875 5.185398980453567 0.7838529030016284
51129 51128 576211651.731 576212190.8807244 2016:096:02:46:23.547 2016:096:02:55:22.697 DISA 105.21283789612283 13.708247184753418 1.4698740454107082 0.39505717578294425
51128 51127 576214341.331 576220490.3062208 2016:096:03:31:13.147 2016:096:05:13:42.122 DISA 107.6746663687228 29.10835838317871 3.8145549135870653 0.5714853171028887
51127 51126 576222709.431 576225839.7815263 2016:096:05:50:41.247 2016:096:06:42:51.598 DISA 134.64604201491272 21.443017959594727 7.6366326068641355 0.7696910481206527
51126 51125 576228412.532 576236571.5321394 2016:096:07:25:44.348 2016:096:09:41:43.348 DISA 108.30356285635092 49.52505874633789 3.226378453434563 0.521677761790741
51125 51124 576238818.332 576247945.9577892 2016:096:10:19:10.148 2016:096:12:51:17.774 DISA 158.08255297117597 28.271270751953125 2.3062973503139235 0.8106960054264887
51124 51123 576250839.533 576251983.4330199 2016:096:13:39:31.349 2016:096:13:58:35.249 DISA 108.43369004603476 17.32353973388672 1.6694057177503414 0.9417134657336319
51123 18064 576254189.233 576258866.3084131 2016:096:14:35:21.049 2016:096:15:53:18.124 DISA 50.58977165304309 5.852088451385498 1.3360738949990627 0.2819347836391548
18064 17233 576260290.033 576285556.2849379 2016:096:16:17:01.849 2016:096:23:18:08.101 DISA 85.70890955945295 15.981855392456055 4.438642756658746 0.6685051861696982
17233 17034 576287456.635 576330629.6375129 2016:096:23:49:48.451 2016:097:11:49:21.454 DISA 100.09670614501024 23.97777557373047 3.617749325909056 0.6174860433546197
17034 18825 576332741.138 576340893.9880995 2016:097:12:24:32.954 2016:097:14:40:25.804 DISA 100.09670614501024 8.169729232788086 2.890318504969043 0.6746263447265635
18825 17079 576342970.638 576368158.9896572 2016:097:15:15:02.454 2016:097:22:14:50.806 DISA 11.942369759988267 8.848750114440918 3.8511934890380415 0.9128553359826118
17079 18089 576368927.74 576399288.2414358 2016:097:22:27:39.556 2016:098:06:53:40.057 DISA 86.31591221918399 16.4633846282959 2.2312575366116554 0.6354804608799817
18089 18428 576401190.642 576421369.8176974 2016:098:07:25:22.458 2016:098:13:01:41.634 DISA 92.82571250973976 7.6201171875 5.801801502508504 0.6606787839562902
18428 51122 576423355.2429999 576438366.3686686 2016:098:13:34:47.059 2016:098:17:44:58.185 DISA 0.0 5.3964385986328125 1.7488790992069592 0.6099075338295665
17770 18169 576572045.851 576586687.977144 2016:100:06:52:57.667 2016:100:10:56:59.793 DISA 148.52209816176642 26.22835350036621 1.797663506074019 0.6294908976902159
18627 51115 576654070.4560001 576664144.1565706 2016:101:05:40:02.272 2016:101:08:27:55.973 DISA 0.0 5.3181586265563965 2.793265308401888 0.5385814102160648
51113 51112 576669605.357 576682719.2076322 2016:101:09:58:57.173 2016:101:13:37:31.024 DISA 162.1181223265378 57.17194747924805 2.2678757315518823 0.5978255026606516
51112 51111 576685685.558 576687811.4079232 2016:101:14:26:57.374 2016:101:15:02:23.224 DISA 106.19812080115304 53.70664596557617 2.42043483268447 0.4644532426105191
51111 51110 576690035.658 576708656.8341146 2016:101:15:39:27.474 2016:101:20:49:48.650 DISA 106.18134438537152 49.154747009277344 2.2604067320977395 0.6503096691509312
51110 51108 576710875.959 576713964.284418 2016:101:21:26:47.775 2016:101:22:18:16.100 DISA 164.01508238276958 13.594901084899902 4.215298037071246 1.0491482551038687
51108 17232 576716898.86 576718809.4596949 2016:101:23:07:10.676 2016:101:23:39:01.276 DISA 31.0521243402745 6.733051776885986 3.461319781189661 0.6229274427485377
17232 18753 576720027.16 576780079.8631968 2016:101:23:59:18.976 2016:102:16:40:11.679 DISA 81.20842156053891 15.649124145507812 2.6321501484408043 0.6262019829189525
18753 18432 576781916.663 576812092.6650267 2016:102:17:10:48.479 2016:103:01:33:44.481 DISA 80.70035201004883 20.923307418823242 0.9263266078372501 0.7843021353072228
18432 18433 576813937.665 576829098.4409796 2016:103:02:04:29.481 2016:103:06:17:10.257 DISA 0.23299463500924242 1.8936408758163452 1.0168959636467976 0.652703670986442
18433 18434 576829447.966 576840735.2666442 2016:103:06:22:59.782 2016:103:09:31:07.083 DISA 0.1423131394066851 1.355837345123291 2.2592978777331525 0.5765868080723339
18434 18821 576841059.1669999 576857672.3676118 2016:103:09:36:30.983 2016:103:14:13:24.184 DISA 80.63463091555965 22.349924087524414 4.857433602815365 0.8866815468647514
18821 18037 576859525.568 576886677.8192686 2016:103:14:44:17.384 2016:103:22:16:49.635 DISA 81.50752090623274 12.114577293395996 0.968583214400642 0.5689582139673804
18037 51107 576888512.569 576895006.9697443 2016:103:22:47:24.385 2016:104:00:35:38.786 DISA 0.0 5.2749176025390625 6.7780728256135685 0.697101955192802
51106 51105 576896638.77 576908227.4204994 2016:104:01:02:50.586 2016:104:04:15:59.236 DISA 105.94474824739973 26.76690101623535 3.6847896353122405 0.8118956003382836
51105 51104 576910418.871 576912563.1707472 2016:104:04:52:30.687 2016:104:05:28:14.987 DISA 177.97707146256027 33.83008575439453 1.5962338386397457 0.9125297486939155
51104 51103 576915724.271 576921869.1462787 2016:104:06:20:56.087 2016:104:08:03:20.962 DISA 102.70285047338508 65.01087951660156 4.096296189773224 0.7543087657089625
51103 51102 576924039.071 576934176.3219817 2016:104:08:39:30.887 2016:104:11:28:28.138 DISA 160.51072202406925 22.762714385986328 2.772795629164465 0.48689465653447705
51102 51101 576937077.072 576938248.6472143 2016:104:12:16:48.888 2016:104:12:36:20.463 DISA 107.77420854973361 10.206852912902832 1.577160843458034 0.544590317913538
51101 17229 576940426.772 576945730.1226417 2016:104:13:12:38.588 2016:104:14:41:01.939 DISA 95.58779240633294 8.467916488647461 2.3870222759739157 0.4759069292573339
17229 17466 576947745.273 576974564.3992888 2016:104:15:14:37.089 2016:104:22:41:36.215 DISA 47.52953466638945 16.34282112121582 2.1639065519853085 0.6007225986421887
18170 18171 577270800.691 577286600.0421135 2016:108:08:58:52.507 2016:108:13:22:11.858 DISA 39.48665413300599 19.238967895507812 3.3665273918286394 0.8500795640355266
51091 51090 577361906.796 577396107.9733694 2016:109:10:17:18.612 2016:109:19:47:19.789 DISA 108.47277752272315 58.01948547363281 2.0029233513290152 0.48043570142353575
51090 18815 577398359.898 577402673.0987444 2016:109:20:24:51.714 2016:109:21:36:44.915 DISA 61.804492898602646 34.15178680419922 1.880442192160822 0.42856061655223426
18815 18149 577404288.4990001 577434615.175578 2016:109:22:03:40.315 2016:110:06:29:06.992 DISA 104.53099907830223 14.868297576904297 0.7770967974551017 0.5182233777765037
18149 17086 577436756.401 577485938.9785112 2016:110:07:04:48.217 2016:110:20:44:30.795 DISA 58.50492728470749 10.227104187011719 0.6771704872747317 0.303030435237793
17086 18827 577487465.204 577510648.6549233 2016:110:21:09:57.020 2016:111:03:36:20.471 DISA 84.68849604080785 14.34005355834961 1.73206828443958 0.3012726818443848
18827 18783 577512524.405 577527707.7308984 2016:111:04:07:36.221 2016:111:08:20:39.547 DISA 41.86945761103376 12.741354942321777 1.0538042394391427 0.2732751850062825
18783 16364 577529014.6060001 577568947.5832553 2016:111:08:42:26.422 2016:111:19:47:59.399 DISA 98.04019295284779 38.241268157958984 1.6719640871669215 0.3277361414464774
16364 51089 577571043.7080001 577580951.3589414 2016:111:20:22:55.524 2016:111:23:08:03.175 DISA 0.0 5.262561798095703 0.673505711631147 0.2298267889628066
51088 51087 577583720.909 577586252.6592444 2016:111:23:54:12.725 2016:112:00:36:24.475 DISA 168.95987754085715 27.070213317871094 1.7503611660467557 0.43647552315962185
51087 51086 577589288.709 577621679.7362692 2016:112:01:27:00.525 2016:112:10:26:51.552 DISA 103.5225085632053 33.1264762878418 1.3830034652794343 0.3414298031495012
51086 17858 577623847.611 577632626.736895 2016:112:11:02:59.427 2016:112:13:29:18.553 DISA 81.75789682149119 37.47908401489258 1.7181867778914106 0.2723575827127974
17858 17465 577634581.412 577684968.3648866 2016:112:14:01:53.228 2016:113:04:01:40.181 DISA 166.6106508876914 16.146984100341797 0.7176528244269833 0.2886193468207021
17465 18464 577687942.915 577700119.9157526 2016:113:04:51:14.731 2016:113:08:14:11.732 DISA 37.0437311534102 6.751010894775391 3.146795282856887 0.4091842455368416
18464 18015 577701354.016 577710756.3413607 2016:113:08:34:45.832 2016:113:11:11:28.157 DISA 66.9584369134963 15.644865989685059 4.23148163336601 0.5539000785703543
18015 17076 577712407.616 577727579.6673223 2016:113:11:38:59.432 2016:113:15:51:51.483 DISA 81.06525683734954 23.601028442382812 1.8613350731305676 0.29718205829888933
17076 17099 577729439.017 577739590.6180089 2016:113:16:22:50.833 2016:113:19:12:02.434 DISA 20.830991847587427 5.903146743774414 3.2455023886373477 0.5397136972904852
17099 17046 577740550.018 577751870.1187108 2016:113:19:28:01.834 2016:113:22:36:41.935 DISA 32.90440494444604 10.531854629516602 2.6659053656201324 0.517852627977595
17046 18699 577753042.719 577758703.7941014 2016:113:22:56:14.535 2016:114:00:30:35.610 DISA 88.46974368719457 32.728172302246094 1.4534038988346325 0.3631130204270455
18699 18461 577760672.819 577801592.871553 2016:114:01:03:24.635 2016:114:12:25:24.688 DISA 23.79978034372384 2.623750686645508 1.198915650232229 0.27001241512485646
18461 51085 577802615.822 577808349.6719393 2016:114:12:42:27.638 2016:114:14:18:01.488 DISA 0.0 5.473467826843262 3.0075996886267897 0.4370119054106751
51084 51083 577809630.922 577812183.1721584 2016:114:14:39:22.738 2016:114:15:21:54.988 DISA 0.10322675409190403 0.533099353313446 1.77005474628006 0.4104137353974767
51083 51082 577812500.9219999 577853002.7744918 2016:114:15:27:12.738 2016:115:02:42:14.590 DISA 107.77511418662088 45.77493667602539 1.6430264445340728 0.36426977340040634
51082 18804 577855243.4250001 577860635.949928 2016:115:03:19:35.241 2016:115:04:49:27.766 DISA 103.54368698522943 11.207182884216309 3.377948514493872 0.33037334487915065
18804 17048 577862754.625 577892946.0017713 2016:115:05:24:46.441 2016:115:13:47:57.818 DISA 32.4130141196689 4.706682205200195 1.0025201002711615 0.23913781449069937
17048 18068 577894115.527 577914463.8280013 2016:115:14:07:27.343 2016:115:19:46:35.644 DISA 89.07058780887097 2.8394863605499268 1.9180463768511917 0.2711442170271869
18068 18250 577916394.928 577941581.2295511 2016:115:20:18:46.744 2016:116:03:18:33.046 DISA 71.25507061317835 4.4506001472473145 2.4109323295003997 0.375086925051084
18250 17622 577943278.63 577963460.8808017 2016:116:03:46:50.446 2016:116:09:23:12.697 DISA 26.261047234248796 8.180008888244629 1.3296696309061826 0.3282775944376407
17622 18831 577964520.731 578005709.3332164 2016:116:09:40:52.547 2016:116:21:07:21.149 DISA 107.9875556385628 8.44810962677002 2.7834056547761974 0.46850983657483886
18831 51081 578007898.733 578035331.8349094 2016:116:21:43:50.549 2016:117:05:21:03.651 DISA 0.0 6.288717746734619 2.2897273609963906 0.29269027880450454
51080 51079 578038054.235 578040481.4352038 2016:117:06:06:26.051 2016:117:06:46:53.251 DISA 55.08028574496662 7.3684868812561035 2.485738607762465 0.38730541855023953
51079 51078 578041953.3349999 578074689.7871591 2016:117:07:11:25.151 2016:117:16:17:01.603 DISA 101.06941450356913 8.729390144348145 1.3946651976582543 0.31185166793261193
51078 51077 578076782.837 578082942.0626308 2016:117:16:51:54.653 2016:117:18:34:33.879 DISA 7.572780149994324 1.706223726272583 1.8348587035892399 0.45930426715210826
51077 18829 578083576.538 578087917.4129151 2016:117:18:45:08.354 2016:117:19:57:29.229 DISA 53.068735175370946 16.507266998291016 2.425314558033709 0.34853020125651085
18829 17758 578089451.838 578110036.9141794 2016:117:20:23:03.654 2016:118:02:06:08.730 DISA 110.68247534265916 18.166584014892578 1.8521425998368493 0.3484406861850482
17758 17760 578112268.339 578116141.8145283 2016:118:02:43:20.155 2016:118:03:47:53.631 DISA 25.84450816370911 10.580925941467285 4.736851785686472 0.722144058952815
17760 18232 578117200.64 578123284.0149366 2016:118:04:05:32.456 2016:118:05:46:55.831 DISA 25.662892123820775 1.9188207387924194 2.331184167582463 0.40250633969490457
18232 18593 578124330.54 578144522.0161506 2016:118:06:04:22.356 2016:118:11:40:53.832 DISA 50.045069341936646 11.732908248901367 1.4774964764934835 0.38793926786442734
18593 18835 578145933.441 578171201.7426755 2016:118:12:04:25.257 2016:118:19:05:33.559 DISA 12.543529833386724 5.5794291496276855 2.3247133141477554 0.4076479951281921
18835 18836 578171976.643 578191839.0938551 2016:118:19:18:28.459 2016:119:00:49:30.910 DISA 39.54463934239669 10.10802173614502 2.786179253942254 0.5016211222872302
18836 18830 578193108.044 578236125.2463865 2016:119:01:10:39.860 2016:119:13:07:37.062 DISA 114.18081088779068 31.79354476928711 1.7439302181923722 0.4321961135022972
18830 51076 578238433.5469999 578266855.7731432 2016:119:13:46:05.363 2016:119:21:39:47.589 DISA 0.0 5.030595779418945 1.2874305233674843 0.4828856614931396
51075 51074 578268658.748 578271218.1733925 2016:119:22:09:50.564 2016:119:22:52:29.989 DISA 135.70932361363637 16.551095962524414 1.1473277037580474 0.5078284520035167
51074 51073 578273787.849 578296020.0998102 2016:119:23:35:19.665 2016:120:05:45:51.916 DISA 106.33682950207184 36.14845275878906 0.9347712604607149 0.4505668397872168
51073 51072 578298227.95 578308779.3005396 2016:120:06:22:39.766 2016:120:09:18:31.117 DISA 14.638828136923687 1.480074167251587 2.44404595829618 0.45328044316817456
51072 18832 578309613.651 578314404.5008612 2016:120:09:32:25.467 2016:120:10:52:16.317 DISA 31.406976863635983 6.5366973876953125 2.497523949514807 0.3606352055232401
18832 18758 578315550.451 578335814.702085 2016:120:11:11:22.267 2016:120:16:49:06.518 DISA 152.30804862697943 40.148616790771484 2.2297449215173413 0.43458249093695955
18758 16262 578338645.752 578363775.6786834 2016:120:17:36:17.568 2016:121:00:35:07.495 DISA 113.21122631571598 39.91686248779297 1.9164471783536008 0.5695489157949295
16262 16679 578366078.854 578391214.9302518 2016:121:01:13:30.670 2016:121:08:12:26.746 DISA 122.21001993236212 38.94815444946289 1.9824560883377134 0.6304344877612633
16679 17788 578393634.955 578403774.2559698 2016:121:08:52:46.771 2016:121:11:41:46.072 DISA 48.4287747033789 6.430229187011719 1.8321881963403086 0.5618220266216937
17788 18837 578405164.156 578445350.3083465 2016:121:12:04:55.972 2016:121:23:14:42.124 DISA 179.9733405176556 17.39720344543457 0.6699893118838105 0.5275152684360567
18837 18834 578448513.459 578463680.3843943 2016:122:00:07:25.275 2016:122:04:20:12.200 DISA 117.13216134728872 42.2152099609375 1.4893966799829605 0.5187400618999789
18834 51071 578466032.76 578493406.4110936 2016:122:04:59:24.576 2016:122:12:35:38.227 DISA 0.0 5.321155071258545 2.0211771490296204 0.6495592769982438
51070 51069 578495987.3610001 578522515.3877577 2016:122:13:18:39.177 2016:122:20:40:47.204 DISA 106.70731692006282 49.353790283203125 1.5507012394381139 0.5488408250088215
51069 51068 578524736.563 578539958.8387549 2016:122:21:17:48.379 2016:123:01:31:30.655 DISA 28.101897474877845 1.3833082914352417 1.114352346897643 0.5380905806764602
51068 18833 578541046.364 578550490.714357 2016:123:01:49:38.180 2016:123:04:27:02.530 DISA 21.677251516936867 5.500828266143799 1.7907366537189957 0.4071563715853496
18833 16967 578551546.464 578557195.2397403 2016:123:04:44:38.280 2016:123:06:18:47.056 DISA 113.38586500288933 46.31943893432617 1.9517961312132062 0.6163991654801353
16967 17467 578559504.565 578579636.5910232 2016:123:06:57:16.381 2016:123:12:32:48.407 DISA 19.362577014409368 5.555939197540283 1.0800157542631148 0.5087007862636183
17467 18088 578580570.3659999 578592370.1667511 2016:123:12:48:22.182 2016:123:16:05:01.983 DISA 121.87433190467705 29.662147521972656 4.324195278165266 0.6531560492895102
18088 18139 578594776.867 578604924.3674688 2016:123:16:45:08.683 2016:123:19:34:16.183 DISA 128.07145486598523 34.819541931152344 0.849005099906879 0.4849018833415941
18139 18841 578607421.268 578612362.792894 2016:123:20:15:53.084 2016:123:21:38:14.609 DISA 104.39409287872999 13.906484603881836 3.2145504934529123 0.4760875455307684
18841 18087 578614493.768 578657684.195485 2016:123:22:13:45.584 2016:124:10:13:36.011 DISA 44.45618919669479 16.41817855834961 2.2055238851090286 0.6458014557123912
18087 18594 578659040.271 578669655.1711826 2016:124:10:36:12.087 2016:124:13:33:06.987 DISA 165.2506927410787 8.29035758972168 0.802112231054378 0.7260234115092022
18594 18595 578672598.9710001 578696787.9477345 2016:124:14:22:10.787 2016:124:21:05:19.764 DISA 0.3110111964227852 1.031431794166565 1.7696934537022313 0.6819899068352322
18595 51067 578697116.973 578720916.4491144 2016:124:21:10:48.789 2016:125:03:47:28.265 DISA 0.0 5.650861740112305 3.0233636009798084 0.6895785817590923
51066 51065 578722922.374 578747534.675637 2016:125:04:20:54.190 2016:125:11:11:06.492 DISA 150.23659379799588 36.81618118286133 1.2996380966254182 0.7537528527604285
51065 51064 578750322.676 578752468.0009191 2016:125:11:57:34.492 2016:125:12:33:19.817 DISA 168.72919635405722 22.734813690185547 1.4900157736404027 0.619800958152922
51063 51061 578756128.276 578757247.5761925 2016:125:13:34:20.092 2016:125:13:52:59.392 DISA 0.024872076821180464 3.9417495727539062 1.9020035869238774 1.1972296582230038
17765 16993 578833704.381 578895850.1341206 2016:126:11:07:16.197 2016:127:04:23:01.950 DISA 164.870614448415 20.557401657104492 2.039688708414523 0.7143919164432856
16993 18146 578898820.584 578900978.209414 2016:127:05:12:32.400 2016:127:05:48:30.025 DISA 66.86828900400901 16.17548942565918 3.5200559029107463 0.7717729761992383
18146 18592 578902621.285 578925949.2608424 2016:127:06:15:53.101 2016:127:12:44:41.077 DISA 35.75765704570278 16.079030990600586 1.270226856621288 0.7032362816344317
18592 51050 578927176.186 578952339.9373521 2016:127:13:05:08.002 2016:127:20:04:31.753 DISA 0.0 5.635421276092529 3.309788290021827 0.733866272054342
51049 51048 578954215.687 578956784.3376063 2016:127:20:35:47.503 2016:127:21:18:36.154 DISA 99.53776475265052 12.530180931091309 2.4732293076462692 1.0306218868316441
51048 51047 578958852.788 578972180.8634871 2016:127:21:53:04.604 2016:128:01:35:12.679 DISA 41.70395882062373 14.0090913772583 7.001819797652951 0.9887227946475675
51047 51046 578973485.689 578976668.3137438 2016:128:01:56:57.505 2016:128:02:50:00.130 DISA 160.7959526992605 24.796077728271484 2.477459272897598 0.7919018929779893
51046 51045 578979574.189 578993810.4147245 2016:128:03:38:26.005 2016:128:07:35:42.231 DISA 64.87346936094676 21.82756233215332 1.9909178497846356 0.5780828761954504
51045 18844 578995441.19 578999831.2650689 2016:128:08:02:53.006 2016:128:09:16:03.081 DISA 59.66974203554537 16.433578491210938 1.040293928701153 0.9889776992333844
18844 18843 579001382.09 579025286.116525 2016:128:09:41:53.906 2016:128:16:20:17.933 DISA 175.73570537089464 31.911067962646484 1.2388752490449388 0.6522856069426155
18843 18842 579028417.492 579037559.4672272 2016:128:17:12:29.308 2016:128:19:44:51.283 DISA 84.59793515172346 25.464324951171875 0.9628896305737596 0.5789190680659972
18842 17464 579039458.792 579111616.7464641 2016:128:20:16:30.608 2016:129:16:19:08.562 DISA 84.59793515172346 37.689388275146484 2.1210928205983874 0.41171413401507223
17464 17098 579113541.697 579135674.5228405 2016:129:16:51:13.513 2016:129:23:00:06.339 DISA 113.8896793933214 35.27351760864258 0.9394051252633789 0.5466355553510741
17098 17461 579137977.698 579146823.4484783 2016:129:23:38:29.514 2016:130:02:05:55.264 DISA 28.479800794671974 6.598719120025635 1.5896235557977203 0.7314264604998364
17461 51043 579147928.399 579178132.0752697 2016:130:02:24:20.215 2016:130:10:47:43.891 DISA 0.0 5.611902713775635 3.0116300171703636 0.8288584472625392
51042 51041 579179908.4 579188777.7258787 2016:130:11:17:20.216 2016:130:13:45:09.542 DISA 9.676514084236244 3.135016679763794 3.022434846997611 0.7233196766551975
51041 51040 579189469.601 579196664.07633 2016:130:13:56:41.417 2016:130:15:56:35.892 DISA 103.95449994871889 26.68715476989746 2.81155381525289 0.6384127364107627
51040 51039 579198821.701 579205977.2268629 2016:130:16:32:33.517 2016:130:18:31:49.043 DISA 103.95023529083456 22.286314010620117 1.9651831102208663 0.8315881863088206
51039 51038 579208124.602 579209291.0520525 2016:130:19:07:36.418 2016:130:19:27:02.868 DISA 170.47730440724087 36.45331954956055 2.529822350376676 0.6146455096687058
51038 51037 579212359.902 579213494.5772929 2016:130:20:18:11.718 2016:130:20:37:06.393 DISA 106.63426759956208 44.007896423339844 4.218201269342426 0.34310226849518
51037 51036 579215705.502 579218846.1025991 2016:130:21:13:57.318 2016:130:22:06:17.919 DISA 165.60684262878948 14.88574504852295 2.110325708973382 0.5067919818443312
51036 51034 579221798.103 579227983.978122 2016:130:22:55:29.919 2016:131:00:38:35.794 DISA 106.459686137117 8.696446418762207 1.2002762556812783 0.64418697745964
51034 18225 579230141.6029999 579237029.6036396 2016:131:01:14:33.419 2016:131:03:09:21.420 DISA 8.046608250141869 2.9815261363983154 2.575665461592299 0.6402181637658526
18225 17146 579237689.704 579297546.6321023 2016:131:03:20:21.520 2016:131:19:57:58.448 DISA 77.05433602955357 0.8399419784545898 4.4887145349561965 1.1698568200998858
17146 18310 579299320.9070001 579324504.1336333 2016:131:20:27:32.723 2016:132:03:27:15.950 DISA 84.13062605885922 29.941341400146484 1.1201200483238687 0.5890883496560049
18310 18311 579326413.709 579328555.9588649 2016:132:03:59:05.525 2016:132:04:34:47.775 DISA 0.2534843356029984 0.5723714828491211 3.706972980831218 0.46451961434011885
18311 18312 579328873.709 579331246.5840188 2016:132:04:40:05.525 2016:132:05:19:38.400 DISA 0.41043079569638985 0.461334228515625 0.685749524828944 0.7764358509630818
18312 18313 579331571.5090001 579333936.1841726 2016:132:05:25:03.325 2016:132:06:04:28.000 DISA 0.25699101306352307 1.3667939901351929 1.5923835954708117 0.5122717672849159
18313 18314 579334257.009 579336625.7843266 2016:132:06:09:48.825 2016:132:06:49:17.600 DISA 0.2657486919140998 0.8353151679039001 1.394186493903479 0.5634423100558263
18314 18315 579336954.809 579339316.4094805 2016:132:06:54:46.625 2016:132:07:34:08.225 DISA 0.24058660344312396 1.2962538003921509 1.5403474278375073 1.058716666653567
18315 18316 579339632.109 579342006.0096343 2016:132:07:39:23.925 2016:132:08:18:57.826 DISA 0.2520387400176001 0.48816293478012085 0.610120769894612 0.40356070283195694
18316 18317 579342338.11 579344696.6347882 2016:132:08:24:29.926 2016:132:09:03:48.451 DISA 0.3690648083528547 0.4016745686531067 0.7539760441159223 0.5229263550972619
18317 18318 579345019.51 579347386.234942 2016:132:09:09:11.326 2016:132:09:48:38.051 DISA 0.21746399069582661 0.4017786979675293 0.6930251064075533 0.47009072703675664
18318 18319 579347713.21 579350075.8350958 2016:132:09:54:05.026 2016:132:10:33:27.651 DISA 0.5041710874090818 0.8420343399047852 0.8896123933773011 0.38022561457977755
18319 18320 579350398.71 579352766.4602497 2016:132:10:38:50.526 2016:132:11:18:18.276 DISA 0.8453648412140701 1.1809993982315063 0.7752992510394143 0.5991228903504346
18320 18108 579353092.41 579355456.0604036 2016:132:11:23:44.226 2016:132:12:03:07.876 DISA 93.56830044170043 18.876405715942383 1.2092729323726816 0.4729799383269566
18108 18846 579357463.011 579360633.3356997 2016:132:12:36:34.827 2016:132:13:29:25.152 DISA 62.22696025551821 9.196356773376465 1.201524353732381 0.4992125230797307
18846 18848 579362210.811 579385393.2371159 2016:132:13:55:42.627 2016:132:20:22:05.053 DISA 77.05433602955357 7.976964950561523 1.1321785384458156 0.6767910146960124
18848 51033 579387159.312 579406678.3883333 2016:132:20:51:31.128 2016:133:02:16:50.204 DISA 0.0 5.434011936187744 4.120198191647266 1.0644200786741045
51032 51031 579408721.213 579411304.2135979 2016:133:02:50:53.029 2016:133:03:33:56.030 DISA 105.70667073021534 12.98558521270752 1.7438471916234508 0.5677963452306899
51031 51030 579413460.814 579416643.4389033 2016:133:04:09:52.630 2016:133:05:02:55.255 DISA 163.94148514507805 17.451969146728516 2.0621643184117726 0.47577913272439126
51030 51029 579419590.314 579429759.3396535 2016:133:05:52:02.130 2016:133:08:41:31.156 DISA 78.84354494330367 12.434133529663086 1.1510323924858308 0.6984967013741011
51029 51028 579431541.8149999 579450367.9908323 2016:133:09:11:13.631 2016:133:14:24:59.807 DISA 178.23566698692707 11.692642211914062 2.670369282776444 0.6313733002121192
51028 17469 579453485.016 579462076.566502 2016:133:15:16:56.832 2016:133:17:40:08.383 DISA 109.01962957829885 13.921778678894043 2.441224867137273 0.6353258656825319
17469 17106 579464350.017 579475207.8422531 2016:133:18:18:01.833 2016:133:21:18:59.658 DISA 166.77417092273961 32.183013916015625 1.201713666991075 0.6226422169002678
17106 17761 579478212.117 579488361.6680055 2016:133:22:09:03.933 2016:134:00:58:13.484 DISA 148.9058870454338 8.344175338745117 1.5692128044509226 0.6636757531637577
17761 18481 579491090.2179999 579498847.4186052 2016:134:01:43:42.034 2016:134:03:52:59.235 DISA 47.060981461285685 11.60739517211914 1.6586689930466485 0.6198859441698857
18481 16971 579500220.919 579510527.2942733 2016:134:04:15:52.735 2016:134:07:07:39.110 DISA 103.57920814154211 43.431549072265625 3.8409673501565256 0.826582705479262
16971 17212 579512705.419 579527838.5202636 2016:134:07:43:57.235 2016:134:11:56:10.336 DISA 103.37416849701474 25.89320182800293 2.4077689980894386 0.7321526484510466
17212 18141 579529991.02 579555146.5718255 2016:134:12:32:02.836 2016:134:19:31:18.388 DISA 104.64361183111889 27.64166259765625 1.8407894172100256 0.6355771412092517
18141 18480 579557325.722 579582472.0483886 2016:134:20:07:37.538 2016:135:03:06:43.864 DISA 114.0984998341407 25.39093780517578 1.7337611800091492 0.6703617214449504
18480 18845 579584771.1240001 579594923.7491008 2016:135:03:45:02.940 2016:135:06:34:15.565 DISA 102.76940016223023 27.057411193847656 4.9294905344190045 0.9095686690893866
18845 18847 579597075.224 579612223.7000904 2016:135:07:10:07.040 2016:135:11:22:35.516 DISA 103.37416849701474 24.367374420166016 2.180802220513945 0.7761763221174149
18847 51027 579614373.125 579637832.3015553 2016:135:11:58:24.941 2016:135:18:29:24.118 DISA 0.0 5.563338756561279 1.9034141493870362 0.6820997330066488
51026 51025 579640322.027 579642883.5018442 2016:135:19:10:53.843 2016:135:19:53:35.318 DISA 25.98076094376591 9.463896751403809 1.1209929434982489 0.4941651987954312
51025 51024 579643946.427 579660128.1028305 2016:135:20:11:18.243 2016:136:00:40:59.919 DISA 43.204534339369346 13.00396728515625 1.1121511879536463 0.7507227516222287
51024 51023 579661437.028 579678489.9538809 2016:136:01:02:48.844 2016:136:05:47:01.770 DISA 155.10109411625348 13.829912185668945 1.3626329384274347 0.7116900613087003
51023 17085 579681305.629 579688988.0044814 2016:136:06:33:57.445 2016:136:08:41:59.820 DISA 64.78348556512593 13.44247817993164 3.2238780814287304 0.6860642061806685
17085 18266 579690596.23 579710807.1807295 2016:136:09:08:48.046 2016:136:14:45:38.997 DISA 60.4491133444306 9.222107887268066 7.522959782879807 0.9530968082897007
18266 16649 579712359.031 579748543.5828881 2016:136:15:11:30.847 2016:137:01:14:35.399 DISA 51.54295506774106 25.16339874267578 1.4910499401115174 0.6557842544096489
16649 18850 579750005.2329999 579778079.9845778 2016:137:01:38:57.049 2016:137:09:26:51.801 DISA 51.54295506774106 16.91672706604004 2.575060244466339 0.6768345643431788
18850 18447 579779525.235 579819698.0619586 2016:137:09:50:57.051 2016:137:21:00:29.878 DISA 56.43471274606186 20.8126277923584 1.5077266794827846 0.6361041708244114
18447 18851 579821214.037 579826380.0373408 2016:137:21:25:45.853 2016:137:22:51:51.853 DISA 145.10102094003454 44.85507583618164 5.014027002038723 0.8125227184466406
18851 51022 579829118.837 579863479.914463 2016:137:23:37:30.653 2016:138:09:10:11.730 DISA 0.0 6.147700786590576 2.0149619974669086 0.6787322639729423
51021 51020 579865781.04 579868354.814742 2016:138:09:48:32.856 2016:138:10:31:26.631 DISA 66.30190000057388 14.54580020904541 2.7238217008063224 0.6900009028421322
51020 51019 579869975.34 579886177.515756 2016:138:10:58:27.156 2016:138:15:28:29.332 DISA 44.58314201063382 8.69772720336914 1.581855054382737 0.7341288324634638
51019 51018 579887523.341 579890688.5410141 2016:138:15:50:55.157 2016:138:16:43:40.357 DISA 68.03944052078505 25.90599822998047 3.5609062804958675 0.4998769171309953
51018 51016 579892369.541 579915532.492435 2016:138:17:11:41.357 2016:138:23:37:44.308 DISA 161.1120053606118 14.98531436920166 0.9937740134403638 0.5777300775294002
51016 17468 579918437.343 579920949.6177448 2016:139:00:26:09.159 2016:139:01:08:01.434 DISA 106.72549813205164 12.451586723327637 2.2437817881887026 0.6270421752901593
17468 17237 579923185.143 579934650.7935284 2016:139:01:45:16.959 2016:139:04:56:22.610 DISA 152.8062956374433 37.792457580566406 1.3926585484028828 0.8044850166356242
17237 17456 579937481.844 579958618.3698993 2016:139:05:43:33.660 2016:139:11:35:50.186 DISA 98.00084445123164 33.964324951171875 0.8527613983761264 0.5900393573024849
17456 18852 579960712.445 579990854.6217431 2016:139:12:10:44.261 2016:139:20:33:06.438 DISA 98.00084445123164 3.590613603591919 2.2302348604413846 0.7073585414955851
18852 18826 579992905.647 580046090.8499024 2016:139:21:07:17.463 2016:140:11:53:42.666 DISA 163.14896600208596 24.44603729248047 0.8709580503552222 0.6665567134799688
18826 51015 580049038.75 580092575.6275612 2016:140:12:42:50.566 2016:141:00:48:27.444 DISA 0.0 5.898404121398926 2.962099819429862 0.8491101409542344
51014 51013 580094741.453 580097301.9028316 2016:141:01:24:33.269 2016:141:02:07:13.719 DISA 114.41905805769238 31.725393295288086 2.131829301426307 0.7499481580820175
51013 51012 580099616.353 580112756.8537155 2016:141:02:45:48.169 2016:141:06:24:48.670 DISA 105.15101959863614 49.48752212524414 1.1987877880404247 0.6587363434400084
51012 51011 580114958.554 580118088.9040204 2016:141:07:01:30.370 2016:141:07:53:40.720 DISA 105.15190095810182 41.32324981689453 1.735461947138279 0.6029864575784264
51011 51009 580120292.654 580141420.980355 2016:141:08:30:24.470 2016:141:14:22:32.796 DISA 105.15105854929492 36.9576416015625 1.4621070034984174 0.542856205462369
51009 18133 580143609.355 580145134.5555674 2016:141:14:59:01.171 2016:141:15:24:26.372 DISA 54.43233173294667 10.88585376739502 1.55484387277514 0.3467115971058106
18133 18134 580146672.056 580152237.8059736 2016:141:15:50:03.872 2016:141:17:22:49.622 DISA 2.0268199797888498 1.7777576446533203 0.8610347301450425 0.5139193891931982
18134 17209 580152637.556 580157629.306282 2016:141:17:29:29.372 2016:141:18:52:41.122 DISA 38.18734973720976 4.179139614105225 1.451567082791593 0.5779993904834816
17209 17211 580158881.8560001 580189265.9330916 2016:141:19:13:33.672 2016:142:03:39:57.749 DISA 19.550888345323838 1.8075428009033203 1.6407873985507597 0.49847871635557317
17211 16726 580190201.758 580205389.1840138 2016:142:03:55:33.574 2016:142:08:08:41.000 DISA 110.00394691054193 37.0531005859375 1.1837470836642718 0.6009262836877786
16726 18331 580207651.359 580237786.3608669 2016:142:08:46:23.175 2016:142:17:08:38.177 DISA 3.373156539063344 2.1189730167388916 1.1400936054484223 0.7991199466067143
18331 18332 580238261.961 580241423.0610749 2016:142:17:16:33.777 2016:142:18:09:14.877 DISA 0.45667817040402214 0.42626479268074036 0.7058257030027971 0.49154922404530743
18332 18333 580241751.061 580244113.6862288 2016:142:18:14:42.877 2016:142:18:54:05.502 DISA 0.2925569370743424 0.9823119044303894 1.3990527197907003 0.6570443145674182
18333 18334 580244432.4610001 580246803.2863827 2016:142:18:59:24.277 2016:142:19:38:55.102 DISA 0.28759418079795024 0.7778176069259644 1.0872838000803393 0.6081969389757744
18334 18642 580247130.261 580249492.8865365 2016:142:19:44:22.077 2016:142:20:23:44.703 DISA 0.392664416027497 0.7988777160644531 0.8509018399792699 0.42195681892980275
18642 18643 580249815.762 580252183.5116904 2016:142:20:29:07.578 2016:142:21:08:35.328 DISA 0.17540977959536874 1.6265628337860107 1.490355055491736 0.5644004529446338
18643 18644 580252505.362 580254873.1118442 2016:142:21:13:57.178 2016:142:21:53:24.928 DISA 0.2531364186076886 0.34877490997314453 1.646562714529006 0.48494319730451263
18644 18645 580255199.062 580257562.7119981 2016:142:21:58:50.878 2016:142:22:38:14.528 DISA 0.22752526622877361 0.8093107342720032 1.0106669205448628 0.5057631543766776
18645 18646 580257888.662 580260253.337152 2016:142:22:43:40.478 2016:142:23:23:05.153 DISA 0.40391453604373667 0.9127354025840759 2.4073938421119 0.6229055445800917
18646 18647 580260574.162 580262942.9373058 2016:142:23:28:25.978 2016:143:00:07:54.753 DISA 0.2716662569281486 1.4525282382965088 1.1221443973324585 0.5062050976106129
18647 18648 580263267.862 580265633.5624597 2016:143:00:13:19.678 2016:143:00:52:45.378 DISA 0.299560562007326 0.8201978802680969 0.7645597105085264 0.576966981793901
18648 18649 580265961.562 580268323.1626135 2016:143:00:58:13.378 2016:143:01:37:34.979 DISA 0.22911519364207467 0.8709567785263062 1.0263779343667512 0.49392548251135904
18649 18650 580268651.163 580271012.7627674 2016:143:01:43:02.979 2016:143:02:22:24.579 DISA 0.4785880430074283 0.9903191328048706 1.138353578071774 0.4750186624053868
18650 18651 580271340.763 580273703.3879213 2016:143:02:27:52.579 2016:143:03:07:15.204 DISA 1.5480905312013833 2.165327548980713 1.2113280097286658 0.5769626586268329
18651 18079 580274075.463 580276444.2380781 2016:143:03:13:27.279 2016:143:03:52:56.054 DISA 63.702161623018384 19.77268409729004 1.3840787060586195 0.6544088682127894
18079 18853 580278052.4629999 580288222.5137517 2016:143:04:19:44.279 2016:143:07:09:14.330 DISA 74.67895794193521 17.46123695373535 2.869633978679498 0.6022065170618924
18853 51008 580289983.464 580323346.1907607 2016:143:07:38:35.280 2016:143:16:54:38.007 DISA 0.0 5.260612964630127 1.070356545887167 0.6488148433872805
51007 51006 580326174.166 580333868.8413627 2016:143:17:41:45.982 2016:143:19:50:00.657 DISA 54.60333727065441 18.999927520751953 1.4510461416289033 0.655564198733805
51006 51005 580335358.166 580351905.7673943 2016:143:20:14:49.982 2016:144:00:50:37.583 DISA 107.4159369691156 40.60179138183594 2.934312625112655 0.6324843274160306
51005 51004 580354136.168 580365388.6181656 2016:144:01:27:47.984 2016:144:04:35:20.434 DISA 107.39919556558252 48.52228546142578 2.078139434688055 0.6689757102372512
51004 18459 580367616.9679999 580375427.4687397 2016:144:05:12:28.784 2016:144:07:22:39.285 DISA 62.41875446313691 17.935195922851562 1.2703229980788961 0.6515405655181874
18459 17874 580377104.3690001 580403946.045371 2016:144:07:50:36.185 2016:144:15:17:57.861 DISA 14.544560708844061 1.073959469795227 2.2059951431488587 0.7017764928464963
17874 18294 580404771.1700001 580455753.6483519 2016:144:15:31:42.986 2016:145:05:41:25.464 DISA 80.4693519442584 17.548398971557617 1.2617273300729344 0.6587087442063775
18294 18608 580457591.473 580471756.9742678 2016:145:06:12:03.289 2016:145:10:08:08.790 DISA 72.9006209412742 18.546649932861328 3.289986357658559 0.635610223426848
18608 18857 580473487.174 580513658.976666 2016:145:10:36:58.990 2016:145:21:46:30.793 DISA 108.05932802017149 30.831972122192383 4.00008767758141 0.7066984612315502
18857 51003 580515885.2770001 580548751.9036745 2016:145:22:23:37.093 2016:146:07:31:23.720 DISA 0.0 6.141617298126221 1.2332633279586223 0.600541103008996
51002 51001 580551575.779 580554088.05398 2016:146:08:18:27.595 2016:146:09:00:19.870 DISA 104.95395965499084 42.81481170654297 1.7448434654273421 0.3969877137545302
51001 51000 580556286.679 580559418.054285 2016:146:09:36:58.495 2016:146:10:29:09.870 DISA 161.9384955302504 14.32896614074707 2.275546292456441 0.5025031637410807
51000 50999 580562325.979 580584162.5807014 2016:146:11:17:37.795 2016:146:17:21:34.397 DISA 103.13600959287005 6.068399906158447 0.8810395746552997 0.6169349872859029
50999 50998 580586282.281 580595512.406351 2016:146:17:56:54.097 2016:146:20:30:44.222 DISA 150.49599569468904 28.80422592163086 1.4465790690952816 0.4560898948868221
50998 18858 580598303.482 580601711.6067058 2016:146:21:17:15.298 2016:146:22:14:03.423 DISA 106.03446841247295 40.6252555847168 3.7934691666277547 0.3839809663889341
18858 17189 580603990.182 580628449.7582362 2016:146:22:52:01.998 2016:147:05:39:41.574 DISA 88.03664532982664 21.208738327026367 1.2192652675506461 0.5080192979276437
17189 17184 580630394.183 580658554.0099593 2016:147:06:12:05.999 2016:147:14:01:25.826 DISA 46.37958915756451 12.245169639587402 0.8485801970235896 0.511749988971738
17184 17789 580659914.1850001 580690103.5117652 2016:147:14:24:06.001 2016:147:22:47:15.328 DISA 81.2102653269707 27.3206787109375 1.5913244992677962 0.5856105432497407
17789 18130 580691967.987 580712116.4130253 2016:147:23:18:19.803 2016:148:04:54:08.229 DISA 106.6342052321663 65.20768737792969 0.9953007770814447 0.5452073723943246
18130 18124 580714345.788 580719267.8384346 2016:148:05:31:17.604 2016:148:06:53:19.654 DISA 7.781771985784303 4.657001495361328 3.8658343196890805 0.7427986856035983
18124 18335 580719917.688 580724900.213757 2016:148:07:04:09.504 2016:148:08:27:12.030 DISA 26.646491601044026 8.13068962097168 3.6259901284017895 0.5940121607101204
18335 18855 580725965.189 580756155.5405462 2016:148:08:44:57.005 2016:148:17:08:07.357 DISA 112.39958951144959 45.86198806762695 1.5091682404326574 0.624496687673304
18855 50997 580758457.691 580778510.7918259 2016:148:17:46:29.507 2016:148:23:20:42.608 DISA 0.0 6.894922256469727 1.00325834600338 0.5394191291241437
50996 50995 580781261.892 580784010.9421407 2016:149:00:06:33.708 2016:149:00:52:22.758 DISA 162.94337563372812 32.56298065185547 1.0290295618789178 0.48116362136172636
50995 50994 580786973.192 580821498.2692866 2016:149:01:41:45.008 2016:149:11:17:10.085 DISA 127.44313512929149 12.647688865661621 1.2022542908046092 0.6176448946532987
50994 18859 580823942.894 580827478.119629 2016:149:11:57:54.710 2016:149:12:56:49.936 DISA 99.34351171424343 19.026525497436523 0.9641485848486958 0.5943801171934453
18859 18138 580829625.495 580857464.4963456 2016:149:13:32:37.311 2016:149:21:16:36.312 DISA 98.83073781931759 24.683197021484375 1.066972124204295 0.5624224862941143
18138 18838 580859559.5960001 580864511.371749 2016:149:21:51:31.412 2016:149:23:14:03.188 DISA 132.25077305139285 28.490964889526367 1.3506445306987735 0.44607024327732353
18838 18163 580867054.397 580929205.2754526 2016:149:23:56:26.213 2016:150:17:12:17.091 DISA 85.46499092005548 10.942612648010254 1.6591262488651761 0.5721639896116695
18163 17695 580931088.201 580946274.6014298 2016:150:17:43:40.017 2016:150:21:56:46.417 DISA 78.0602076664088 20.712820053100586 0.9527825949918595 0.50731631428724
17695 18854 580948078.602 580961245.7522869 2016:150:22:26:50.418 2016:151:02:06:17.568 DISA 93.08085786181542 26.53205680847168 1.2916002925741743 0.5408978286023058
18854 18862 580963260.902 580976416.7781554 2016:151:02:39:52.718 2016:151:06:19:08.594 DISA 17.131631323544084 5.93337345123291 3.2022301670452915 0.5755641478477848
18862 18137 580977303.403 580996053.7292798 2016:151:06:33:55.219 2016:151:11:46:25.545 DISA 91.6935962688697 47.307281494140625 2.461350486434179 0.5518791944737089
18137 18136 580998082.204 581003006.3046777 2016:151:12:20:14.020 2016:151:13:42:18.121 DISA 2.79467678680193 2.048903465270996 2.9480963787471417 0.6397394506312382
18136 50993 581003449.105 581008503.3799925 2016:151:13:49:40.921 2016:151:15:13:55.196 DISA 0.0 5.458998203277588 10.266250112906436 0.7734301242704061
50992 50991 581011071.005 581012607.4802275 2016:151:15:56:42.821 2016:151:16:22:19.296 DISA 16.12111465412216 4.1499810218811035 2.581683265127584 0.7519109406517179
50991 50990 581013477.7049999 581021658.2307457 2016:151:16:36:49.521 2016:151:18:53:10.047 DISA 23.885298768321256 4.7622575759887695 1.2705936851791608 0.5207279660192553
50990 50989 581022674.006 581030864.7812728 2016:151:19:10:05.822 2016:151:21:26:36.597 DISA 55.00231811174949 4.912533760070801 2.999183888383236 0.6632930647077762
50989 50988 581032345.906 581042528.2569405 2016:151:21:51:17.722 2016:152:00:41:00.073 DISA 22.89141561564999 5.370619773864746 1.0275690086342313 0.5336055068278489
50988 50987 581043526.607 581052340.5825024 2016:152:00:57:38.423 2016:152:03:24:32.399 DISA 37.05459203764306 7.884288787841797 3.3863373308211338 0.5940732637850401
50987 17506 581053575.7080001 581058024.2078277 2016:152:03:45:07.524 2016:152:04:59:16.024 DISA 38.599510031965764 7.0040740966796875 1.4209677569361834 0.4853492363967635
17506 50986 581059282.908 581082217.2842128 2016:152:05:20:14.724 2016:152:11:42:29.100 DISA 51.993271288183955 12.764355659484863 1.4826892482887861 0.5451712890977451
17897 18609 581086789.809 581166929.4390558 2016:152:12:58:41.625 2016:153:11:14:21.255 DISA 98.35621315287447 23.902429580688477 2.1914327879696236 0.5892780864143563
18609 18863 581169015.314 581209170.7164736 2016:153:11:49:07.130 2016:153:22:58:22.532 DISA 98.35621315287447 23.71469497680664 3.5385869948690982 0.6268088659040378
18863 50985 581211253.5170001 581233922.4178903 2016:153:23:33:05.333 2016:154:05:50:54.234 DISA 0.0 6.293095111846924 2.6500980433795287 0.642890944687373
50984 50983 581237165.518 581237703.6431068 2016:154:06:44:57.334 2016:154:06:53:55.459 DISA 41.4265521728147 16.946237564086914 1.0037097563072255 0.3567538517785363
50983 50982 581239018.718 581242185.9683634 2016:154:07:15:50.534 2016:154:08:08:37.784 DISA 17.943355918313692 4.848270893096924 2.2317516064160965 0.6805002892263103
50982 50981 581243090.018 581246276.7435975 2016:154:08:23:41.834 2016:154:09:16:48.560 DISA 114.99308243741028 21.431909561157227 3.2395873055776407 0.531625343888397
50981 50980 581248575.819 581257739.3192536 2016:154:09:55:07.635 2016:154:12:27:51.135 DISA 97.94542315502575 15.260848999023438 1.6513022225645881 0.5574621670367838
50980 50979 581259793.419 581280551.7205594 2016:154:13:02:05.235 2016:154:18:48:03.537 DISA 178.26418781184958 15.495901107788086 1.1011013361372888 0.6197849120650444
50979 17131 581283688.2210001 581287320.8209468 2016:154:19:40:20.037 2016:154:20:40:52.637 DISA 91.320183674431 22.562984466552734 2.8140251247704535 0.6852908113836814
17131 50978 581289379.021 581340319.4739804 2016:154:21:15:10.837 2016:155:11:24:11.290 DISA 87.16200491424249 19.301593780517578 1.366524520415855 0.6010367903664019
18864 50977 581345180.024 581375355.0009859 2016:155:12:45:11.840 2016:155:21:08:06.817 DISA 142.67308078580407 16.06907081604004 2.3508194202347434 0.5544369199644492
18069 50976 581380107.926 581405298.3276999 2016:155:22:27:19.742 2016:156:05:27:10.144 DISA 87.85213041465757 44.63461685180664 3.3377413686398185 0.594747630948444
18865 50975 581410099.428 581435235.5044135 2016:156:06:47:11.244 2016:156:13:46:07.320 DISA 172.68730938875447 18.178600311279297 2.3813299903165306 0.6792128849664879
